"Earth": {
	"name": "Earth",
	"position": [ 17355583.376673273742f, -138618217.80339628458f, -60109363.56389850378f ],
	"velocity": [ 29.108594477163027392f, 3.0181572786088968208f, 1.3089359475535311539f ],
	"radius": 6371.0,
	"mu": 398600.4418,
	"ID": 3
},
"Mars":{
	"name": "Mars",
	"position": [ -1.7157167726489680928e7f, -1.98720804521835725702e8f, -9.0679525650894539347e7f],
	"velocity": [ 25.07496623536686034f, 0.41084958802272611f, -0.4913005936619511f ],
	"radius": 3389.5,
	"mu": 42828.37,
	"ID": 4
}

